image: aces.pgm
resolution: 0.030000
origin: [-59.612190, -30.732616, 0.000000]
negate: 0
occupied_thresh: 0.65
free_thresh: 0.196

